[gd_scene load_steps=28 format=3 uid="uid://boxrkwp10s5ek"]

[ext_resource type="PackedScene" uid="uid://6yrf07jqbtkq" path="res://the kit/charcters/Knight.glb" id="1_g3u3x"]
[ext_resource type="Script" path="res://new/knight.gd" id="2_7ybis"]

[sub_resource type="AnimationNodeAnimation" id="AnimationNodeAnimation_bu54e"]
animation = &"Idle"

[sub_resource type="AnimationNodeAnimation" id="AnimationNodeAnimation_hwvdc"]
animation = &"Running_A"

[sub_resource type="AnimationNodeAnimation" id="AnimationNodeAnimation_a6td0"]
animation = &"Walking_Backwards"

[sub_resource type="AnimationNodeAnimation" id="AnimationNodeAnimation_st1sn"]
animation = &"Running_Strafe_Right"

[sub_resource type="AnimationNodeAnimation" id="AnimationNodeAnimation_7flph"]
animation = &"Running_Strafe_Left"

[sub_resource type="AnimationNodeBlendSpace2D" id="AnimationNodeBlendSpace2D_c5nsc"]
blend_point_0/node = SubResource("AnimationNodeAnimation_bu54e")
blend_point_0/pos = Vector2(0, 0)
blend_point_1/node = SubResource("AnimationNodeAnimation_hwvdc")
blend_point_1/pos = Vector2(0, 1)
blend_point_2/node = SubResource("AnimationNodeAnimation_a6td0")
blend_point_2/pos = Vector2(0, -1)
blend_point_3/node = SubResource("AnimationNodeAnimation_st1sn")
blend_point_3/pos = Vector2(1, 0)
blend_point_4/node = SubResource("AnimationNodeAnimation_7flph")
blend_point_4/pos = Vector2(-1, 0)

[sub_resource type="AnimationNodeAnimation" id="AnimationNodeAnimation_4g2m3"]
animation = &"Death_A"

[sub_resource type="AnimationNodeAnimation" id="AnimationNodeAnimation_wqo6i"]
animation = &"Interact"

[sub_resource type="AnimationNodeAnimation" id="AnimationNodeAnimation_ea77v"]
animation = &"Jump_Idle"

[sub_resource type="AnimationNodeAnimation" id="AnimationNodeAnimation_57mu4"]
animation = &"Jump_Land"

[sub_resource type="AnimationNodeAnimation" id="AnimationNodeAnimation_ovw2g"]
animation = &"Jump_Start"

[sub_resource type="AnimationNodeAnimation" id="AnimationNodeAnimation_cnxsl"]
animation = &"1H_Melee_Attack_Stab"

[sub_resource type="AnimationNodeStateMachineTransition" id="AnimationNodeStateMachineTransition_3qdaa"]
advance_mode = 2

[sub_resource type="AnimationNodeStateMachineTransition" id="AnimationNodeStateMachineTransition_k2yfy"]

[sub_resource type="AnimationNodeStateMachineTransition" id="AnimationNodeStateMachineTransition_bydcp"]
switch_mode = 2
advance_mode = 2

[sub_resource type="AnimationNodeStateMachineTransition" id="AnimationNodeStateMachineTransition_og5sw"]

[sub_resource type="AnimationNodeStateMachineTransition" id="AnimationNodeStateMachineTransition_vh3yu"]

[sub_resource type="AnimationNodeStateMachineTransition" id="AnimationNodeStateMachineTransition_qsod7"]
switch_mode = 2
advance_mode = 2

[sub_resource type="AnimationNodeStateMachineTransition" id="AnimationNodeStateMachineTransition_w26gu"]
switch_mode = 2
advance_mode = 2

[sub_resource type="AnimationNodeStateMachineTransition" id="AnimationNodeStateMachineTransition_mpg8a"]
advance_mode = 2
advance_condition = &"grounded"

[sub_resource type="AnimationNodeStateMachineTransition" id="AnimationNodeStateMachineTransition_ari12"]
xfade_time = 0.1
switch_mode = 2
advance_mode = 2

[sub_resource type="AnimationNodeStateMachineTransition" id="AnimationNodeStateMachineTransition_u0obv"]
advance_condition = &"jumping"

[sub_resource type="AnimationNodeStateMachineTransition" id="AnimationNodeStateMachineTransition_lgi3j"]

[sub_resource type="AnimationNodeStateMachine" id="AnimationNodeStateMachine_asdls"]
states/BlendSpace2D/node = SubResource("AnimationNodeBlendSpace2D_c5nsc")
states/BlendSpace2D/position = Vector2(421.5, 37.5)
states/Death_A/node = SubResource("AnimationNodeAnimation_4g2m3")
states/Death_A/position = Vector2(587, 170)
states/Interact/node = SubResource("AnimationNodeAnimation_wqo6i")
states/Interact/position = Vector2(305.5, 190.5)
states/Jump_Idle/node = SubResource("AnimationNodeAnimation_ea77v")
states/Jump_Idle/position = Vector2(398, -154.298)
states/Jump_Land/node = SubResource("AnimationNodeAnimation_57mu4")
states/Jump_Land/position = Vector2(562, -81.5479)
states/Jump_Start/node = SubResource("AnimationNodeAnimation_ovw2g")
states/Jump_Start/position = Vector2(256.5, -75.0479)
states/Start/position = Vector2(202, 100.25)
states/stab/node = SubResource("AnimationNodeAnimation_cnxsl")
states/stab/position = Vector2(423.5, 295)
transitions = ["Start", "BlendSpace2D", SubResource("AnimationNodeStateMachineTransition_3qdaa"), "BlendSpace2D", "stab", SubResource("AnimationNodeStateMachineTransition_k2yfy"), "stab", "BlendSpace2D", SubResource("AnimationNodeStateMachineTransition_bydcp"), "BlendSpace2D", "Interact", SubResource("AnimationNodeStateMachineTransition_og5sw"), "BlendSpace2D", "Death_A", SubResource("AnimationNodeStateMachineTransition_vh3yu"), "Interact", "BlendSpace2D", SubResource("AnimationNodeStateMachineTransition_qsod7"), "Jump_Start", "Jump_Idle", SubResource("AnimationNodeStateMachineTransition_w26gu"), "Jump_Idle", "Jump_Land", SubResource("AnimationNodeStateMachineTransition_mpg8a"), "Jump_Land", "BlendSpace2D", SubResource("AnimationNodeStateMachineTransition_ari12"), "BlendSpace2D", "Jump_Start", SubResource("AnimationNodeStateMachineTransition_u0obv"), "BlendSpace2D", "Jump_Idle", SubResource("AnimationNodeStateMachineTransition_lgi3j")]
graph_offset = Vector2(0, 122.751)

[sub_resource type="CapsuleShape3D" id="CapsuleShape3D_h1pmt"]
height = 2.4

[node name="Knight" instance=ExtResource("1_g3u3x")]
script = ExtResource("2_7ybis")
speed = null
acceleration = null
jump_speed = null

[node name="Skeleton3D" parent="Rig" index="0"]
transform = Transform3D(-1, 0, -8.74228e-08, 0, 1, 0, 8.74228e-08, 0, -1, 0, 0, 0)
bones/0/rotation = Quaternion(-6.10796e-11, 0.00177503, 1.05793e-10, 0.999999)
bones/1/position = Vector3(4.01747e-20, 0.375659, 6.00845e-19)
bones/1/rotation = Quaternion(0.000324454, 0.0425904, -0.000249933, 0.999093)
bones/2/rotation = Quaternion(0.000381833, 0.00244438, 0.000296335, 0.999997)
bones/3/rotation = Quaternion(8.4838e-05, -0.000521759, 0.000313505, 1)
bones/4/position = Vector3(0.212, 0.134096, -0.000164368)
bones/4/rotation = Quaternion(-0.552581, -0.064132, -0.653387, 0.513447)
bones/5/rotation = Quaternion(3.40072e-08, -6.27548e-08, -0.485501, 0.874236)
bones/7/rotation = Quaternion(-0.31609, -0.332512, 0.135072, 0.878225)
bones/8/position = Vector3(1.03689e-09, 0.0961252, -0.0575)
bones/8/rotation = Quaternion(0.00144874, 0.00176404, -0.700533, 0.713616)
bones/14/position = Vector3(-0.212004, 0.134052, -2.30236e-05)
bones/14/rotation = Quaternion(-0.612719, 0.082158, 0.623774, 0.47826)
bones/15/rotation = Quaternion(-2.40318e-09, 4.30728e-08, 0.508377, 0.861135)
bones/17/rotation = Quaternion(-0.313327, 0.309023, -0.214301, 0.872012)
bones/18/position = Vector3(-1.5548e-08, 0.0961251, -0.0575)
bones/18/rotation = Quaternion(0.00394122, 0.00540118, 0.701491, 0.712647)
bones/21/rotation = Quaternion(-6.96982e-05, -0.0318389, 0.000236059, 0.999493)
bones/24/position = Vector3(0.170945, 0.113439, 0.000259266)
bones/24/rotation = Quaternion(0.991136, 0.0824298, 0.0768035, 0.0704014)
bones/25/rotation = Quaternion(0.35059, 6.57159e-08, -2.51389e-07, 0.936529)
bones/26/rotation = Quaternion(-0.599457, -0.200866, 0.0678561, 0.771816)
bones/27/rotation = Quaternion(-1.00019e-08, 0.920173, -0.391513, 7.82233e-08)
bones/28/position = Vector3(-0.170945, 0.113587, -0.000258767)
bones/28/rotation = Quaternion(0.992581, -0.032055, 0.0295991, 0.11349)
bones/29/rotation = Quaternion(0.406934, -6.00071e-08, 2.84023e-07, 0.913457)
bones/30/rotation = Quaternion(-0.622579, 0.111538, -0.0199808, 0.774309)
bones/31/rotation = Quaternion(3.09274e-08, 0.919821, -0.392338, -6.98634e-08)
bones/32/position = Vector3(0.170945, 0.292347, 0.575849)
bones/32/rotation = Quaternion(0.707107, -2.29338e-07, -4.60195e-08, 0.707107)
bones/33/position = Vector3(0.201788, 0.0268134, 0.205387)
bones/33/rotation = Quaternion(-0.70792, -7.04242e-08, -7.06434e-08, 0.706292)
bones/34/position = Vector3(1.92702e-08, 0.362833, -2.42861e-15)
bones/34/rotation = Quaternion(9.49293e-09, 1.72423e-09, 0.986076, -0.166294)
bones/35/position = Vector3(-2.59989e-08, 0.213436, -5.01088e-09)
bones/35/rotation = Quaternion(-1.01328e-07, 0.391084, 0.920355, -3.34139e-08)
bones/36/position = Vector3(8.45245e-09, 0.16565, -2.34806e-09)
bones/37/rotation = Quaternion(1, -2.3511e-09, 1.99715e-07, 6.31273e-12)
bones/39/position = Vector3(-0.170945, 0.292347, 0.575849)
bones/39/rotation = Quaternion(0.707107, -3.82742e-08, 1.45044e-07, 0.707107)
bones/40/position = Vector3(-0.170945, 0.0264356, 0.243229)
bones/40/rotation = Quaternion(-0.701897, -7.11483e-08, -6.99547e-08, 0.712278)
bones/41/position = Vector3(1.94581e-08, 0.362833, -6.87115e-11)
bones/41/rotation = Quaternion(-5.73807e-09, 6.33274e-10, 0.994939, 0.100477)
bones/42/position = Vector3(-1.10472e-08, 0.213436, 1.22188e-10)
bones/42/rotation = Quaternion(-1.05756e-07, 0.391084, 0.920355, -2.59065e-08)
bones/43/position = Vector3(-6.17385e-09, 0.16565, 2.36184e-09)
bones/44/rotation = Quaternion(1, 3.7234e-09, 1.94887e-07, 7.35661e-09)
bones/46/position = Vector3(0.455658, 1.10332, -0.589471)
bones/46/rotation = Quaternion(-0.707107, -0.000418424, -0.000418424, 0.707107)
bones/47/position = Vector3(0.520314, 0.768913, -0.0557376)
bones/47/rotation = Quaternion(0.796066, 0.00507673, 0.605181, 0.00299123)
bones/48/position = Vector3(-0.452675, 1.104, -0.592271)
bones/48/rotation = Quaternion(-0.707107, -0.000418424, -0.000418424, 0.707107)
bones/49/position = Vector3(-0.510883, 0.768971, 0.0608791)
bones/49/rotation = Quaternion(0.761805, -0.00584408, -0.647776, 0.00221885)

[node name="1H_Sword_Offhand" parent="Rig/Skeleton3D" index="0"]
transform = Transform3D(-0.00324194, 0.265309, 0.964157, 0.99996, -0.00705235, 0.00530347, 0.00820694, 0.964137, -0.265276, 0.512489, 0.616194, -0.0016757)
visible = false

[node name="1H_Sword_Offhand" parent="Rig/Skeleton3D/1H_Sword_Offhand" index="0"]
visible = false

[node name="Badge_Shield" parent="Rig/Skeleton3D" index="1"]
transform = Transform3D(-0.00324191, 0.265309, 0.964157, 0.99996, -0.00705488, 0.00530414, 0.00820956, 0.964137, -0.265276, 0.662786, 0.617021, -0.0430283)
visible = false

[node name="Rectangle_Shield" parent="Rig/Skeleton3D" index="2"]
transform = Transform3D(-0.00324191, 0.265309, 0.964157, 0.99996, -0.00705488, 0.00530414, 0.00820956, 0.964137, -0.265276, 0.662786, 0.617021, -0.0430283)
visible = false

[node name="Round_Shield" parent="Rig/Skeleton3D" index="3"]
transform = Transform3D(-0.00324191, 0.265309, 0.964157, 0.99996, -0.00705488, 0.00530414, 0.00820956, 0.964137, -0.265276, 0.662786, 0.617021, -0.0430283)

[node name="Spike_Shield" parent="Rig/Skeleton3D" index="4"]
transform = Transform3D(-0.00324191, 0.265309, 0.964157, 0.99996, -0.00705488, 0.00530414, 0.00820956, 0.964137, -0.265276, 0.662786, 0.617021, -0.0430283)
visible = false

[node name="Spike_Shield" parent="Rig/Skeleton3D/Spike_Shield" index="0"]
visible = false

[node name="1H_Sword" parent="Rig/Skeleton3D" index="5"]
transform = Transform3D(0.0032107, -0.164218, 0.986418, 0.999989, -0.00267613, -0.00370077, 0.00324797, 0.98642, 0.164208, -0.498313, 0.620548, 0.142298)

[node name="2H_Sword" parent="Rig/Skeleton3D" index="6"]
transform = Transform3D(0.00321068, -0.164218, 0.986418, 0.999989, -0.00267615, -0.00370075, 0.00324798, 0.98642, 0.164208, -0.498313, 0.620548, 0.142298)
visible = false

[node name="Knight_Helmet" parent="Rig/Skeleton3D" index="7"]
transform = Transform3D(0.999581, -0.00107961, 0.0289087, 0.00112415, 0.999998, -0.00152454, -0.028907, 0.00155639, 0.999581, -2.83718e-05, 1.18589, 0.00106804)

[node name="Knight_Cape" parent="Rig/Skeleton3D" index="8"]
transform = Transform3D(0.995715, -0.0005999, 0.0924692, 0.000751463, 0.999998, -0.00160425, -0.0924681, 0.00166687, 0.995714, -4.11074e-05, 1.18589, 0.0010652)

[node name="AnimationTree" type="AnimationTree" parent="AnimationPlayer" index="0"]
root_node = NodePath("../..")
tree_root = SubResource("AnimationNodeStateMachine_asdls")
anim_player = NodePath("..")
parameters/conditions/grounded = false
parameters/conditions/jumping = false
parameters/BlendSpace2D/blend_position = Vector2(-0.00338984, -0.00922263)

[node name="CollisionShape3D" type="CollisionShape3D" parent="." index="2"]
transform = Transform3D(1, 0, -0.000558507, 0, 1, 0, 0.000558507, 0, 1, 0, 1.2, 0)
shape = SubResource("CapsuleShape3D_h1pmt")

[node name="SpringArm3D" type="SpringArm3D" parent="." index="3"]
transform = Transform3D(1, 0, 0, 0, 1, 0, 0, 0, 1, 0, 2.5, 0)
spring_length = 5.0
margin = 0.1

[node name="Camera3D" type="Camera3D" parent="SpringArm3D" index="0"]
